x[1]= 0.142857
x[2]= 1.571428
x[3]= -1.714285
